33	0
32	0.035
90	0
21	0
63	0.174999999999999
118	0
71	0
102	0
7	-0.095
26	0
80	-0.139999999999999
119	0
99	0
18	0.105
72	0.04
16	0
44	0
55	0
84	0
27	0
74	-0.640000000001384
57	0
95	0
61	0.105
108	0
115	0
20	-0.045
92	0
109	0
103	-0.03
89	0
10	0
31	0
113	0
35	-0.11
11	-0.01
91	0
78	0.01
107	0
48	-0.075
87	0
93	0
77	0
106	0
65	0
29	0.045
123	0
50	0
39	0.37
64	-0.045
97	0
114	0
12	0
58	0
41	-0.02
15	0.05
81	0
52	-0.035
60	0
56	0
66	-0.0699999999999999
101	0
45	0
73	-0.025
86	0
76	-0.0799999999999996
19	0.0999999999999999
62	-0.01
54	0.00999999999999999
67	0.02
70	0
68	0
17	0
2	-0.155
1	0
116	0
88	0
30	0
100	0
110	0
82	0
25	0
120	0
28	0
40	0.404999999999982
83	0.035
75	0.04
14	-0.095
112	0
59	0
69	0
49	0
24	0
104	0
53	0
122	0
121	0
79	0
22	-0.0799999999999999
42	-0.16
46	0
13	0
23	-0.035
105	0
96	0
6	0
85	0
36	-0.0799999999999999
3	0.17
94	0
111	0
9	0
51	0.19
47	0
8	0.055
38	0
98	0
4	-0.0750000000000002
34	0
37	-0.045
117	0
43	-0.01
5	0.055
