0	755.834219822896	818.0	-62.1657801771044
1	861.944819906946	803.0	58.9448199069457
2	817.417802854078	804.0	13.4178028540778
3	810.35288763906	746.0	64.3528876390596
4	664.337040571485	730.0	-65.6629594285148
5	926.43373444503	799.0	127.43373444503
6	831.730163985278	824.0	7.73016398527761
7	779.871731652874	805.0	-25.1282683471263
8	863.181712031865	808.0	55.1817120318649
9	842.000885638024	806.0	36.0008856380235
10	849.083826771749	760.0	89.0838267717493
11	720.712272094712	730.0	-9.28772790528831
12	880.873225814309	804.0	76.8732258143087
13	824.071330653351	773.0	51.071330653351
14	753.758473720952	776.0	-22.2415262790485
15	828.269484690645	814.0	14.269484690645
16	845.811271196729	780.0	65.8112711967286
17	781.713144071101	737.0	44.7131440711006
18	682.582515896156	713.0	-30.4174841038435
19	803.112925229074	790.0	13.1129252290737
20	803.342304150389	814.0	-10.6576958496112
21	802.627081688064	788.0	14.627081688064
22	802.358146795018	797.0	5.35814679501823
23	831.405814112841	799.0	32.4058141128409
24	822.022165038611	750.0	72.0221650386105
25	703.210216453455	738.0	-34.7897835465446
26	876.330815528822	790.0	86.3308155288219
27	796.745532331304	799.0	-2.25446766869618
28	776.300513324679	814.0	-37.6994866753212
29	870.530501886813	801.0	69.5305018868131
30	834.528934440294	774.0	60.5289344402939
31	810.65323731691	741.0	69.6532373169102
32	683.765023664269	724.0	-40.2349763357309
33	845.366495198315	799.0	46.3664951983146
34	825.945046368503	795.0	30.9450463685033
35	746.927469933297	792.0	-45.0725300667029
36	816.162898177982	773.0	43.1628981779817
37	818.303027466874	761.0	57.3030274668744
38	781.508151476926	737.0	44.5081514769263
39	679.903779526199	698.0	-18.0962204738008
40	789.926512979542	754.0	35.9265129795421
41	751.486059159108	813.0	-61.5139408408921
42	739.605518465078	792.0	-52.3944815349217
43	804.685803081265	775.0	29.685803081265
44	806.578392167284	773.0	33.5783921672836
45	777.171287658644	726.0	51.171287658644
46	650.762119839511	685.0	-34.2378801604889
47	832.881556071012	765.0	67.8815560710123
48	749.383873497373	770.0	-20.6161265026274
49	693.998727300846	770.0	-76.0012726991536
50	782.545439698155	746.0	36.5454396981546
51	749.674697387147	737.0	12.6746973871469
52	708.970882579467	698.0	10.9708825794673
53	618.326904139368	663.0	-44.673095860632
54	733.133741537299	767.0	-33.8662584627014
55	734.693495920829	736.0	-1.30650407917085
56	629.395379489496	739.0	-109.604620510504
57	724.026743133713	749.0	-24.9732568662872
58	741.451688724716	745.0	-3.54831127528428
59	694.317173319464	680.0	14.3171733194645
60	604.170297509791	645.0	-40.8297024902091
61	680.17102672843	746.0	-65.8289732715698
62	709.497764362211	725.0	-15.5022356377893
63	630.865716933993	714.0	-83.1342830660075
64	688.217108609126	712.0	-23.7828913908736
65	664.187983091304	714.0	-49.8120169086956
66	643.365761377694	708.0	-64.6342386223063
67	598.98847509043	652.0	-53.0115249095697
68	669.334978608641	750.0	-80.6650213913587
69	687.549881739533	741.0	-53.4501182604666
70	644.734985808755	743.0	-98.2650141912453
71	725.093078892006	778.0	-52.9069211079938
72	789.727977828386	732.0	57.7279778283863
73	669.484104326278	747.0	-77.5158956737222
74	668.765105789978	692.0	-23.2348942100218
75	764.950995915763	754.0	10.9509959157631
76	735.39119608431	735.0	0.391196084310423
77	709.699980694279	745.0	-35.3000193057211
78	714.553084926185	769.0	-54.446915073815
79	760.012197251213	687.0	73.0121972512134
80	629.623948834614	715.0	-85.3760511653857
81	553.93238569282	645.0	-91.0676143071801
82	643.327919197364	625.0	18.3279191973639
83	550.068705147032	698.0	-147.931294852968
84	621.765268090148	678.0	-56.2347319098517
85	651.477420819806	655.0	-3.5225791801945
86	517.156221203046	655.0	-137.843778796954
87	470.397378323606	632.0	-161.602621676394
88	630.867255198202	708.0	-77.1327448017979
89	614.647594345594	704.0	-89.3524056544056
90	547.653647747296	718.0	-170.346352252704
91	642.535936768484	741.0	-98.4640632315156
92	715.84089938707	716.0	-0.159100612930274
93	644.436142810221	703.0	-58.5638571897794
94	575.838168871319	625.0	-49.1618311286805
95	668.252181091397	686.0	-17.7478189086031
96	644.808473975645	717.0	-72.1915260243545
97	628.30593692786	725.0	-96.69406307214
98	653.972329276812	725.0	-71.0276707231883
99	689.966489297118	726.0	-36.0335107028823
100	613.15609771604	715.0	-101.84390228396
101	574.130703199314	676.0	-101.869296800686
102	744.025071668776	782.0	-37.9749283312236
103	747.336592926359	777.0	-29.6634070736412
104	697.681983396802	777.0	-79.3180166031983
105	784.117906904097	789.0	-4.88209309590275
106	828.632544992587	784.0	44.6325449925873
107	719.156333998217	709.0	10.1563339982174
108	673.244403754868	688.0	-14.7555962451322
109	785.053647866692	799.0	-13.946352133308
110	799.601614848855	778.0	21.6016148488552
111	724.947321170626	766.0	-41.0526788293744
112	787.359975421595	799.0	-11.6400245784046
113	794.267589129013	781.0	13.2675891290133
114	781.013876734774	719.0	62.0138767347742
115	686.043996571081	654.0	32.0439965710815
116	744.46754442771	735.0	9.46754442770953
117	723.536457527299	741.0	-17.4635424727006
118	695.292746533175	739.0	-43.7072534668254
119	713.859719276122	746.0	-32.1402807238783
120	707.901605627077	747.0	-39.0983943729228
121	670.400179198971	714.0	-43.5998208010287
122	613.558914199215	679.0	-65.441085800785
123	747.06191253987	787.0	-39.9380874601297
124	758.639089878456	800.0	-41.3609101215438
125	731.255323114379	817.0	-85.7446768856209
126	831.736167424101	797.0	34.7361674241013
127	832.425318357241	776.0	56.4253183572412
128	785.50350333001	748.0	37.5035033300103
129	735.7520691198	702.0	33.7520691197996
130	827.227342230266	817.0	10.2273422302665
131	844.599826854265	876.0	-31.4001731457354
132	819.696402684829	812.0	7.69640268482885
133	845.798413280907	784.0	61.7984132809066
134	863.322359104625	778.0	85.3223591046253
135	819.46422285964	775.0	44.4642228596399
136	772.687366778047	693.0	79.6873667780475
137	864.457620932148	768.0	96.4576209321481
138	736.954185969553	770.0	-33.0458140304465
139	713.768083483712	771.0	-57.2319165162882
140	789.662247982025	782.0	7.66224798202529
141	829.377322687333	776.0	53.3773226873333
142	720.520147508652	730.0	-9.47985249134751
143	660.177981797817	713.0	-52.8220182021834
144	810.74334848154	818.0	-7.25665151846044
145	821.753679301704	831.0	-9.24632069829579
146	792.606114073582	830.0	-37.3938859264183
147	873.110368047464	820.0	53.1103680474644
148	874.022602862973	790.0	84.0226028629735
149	842.88816963985	761.0	81.8881696398499
150	767.040084375683	711.0	56.0400843756831
151	858.34708160742	825.0	33.3470816074205
152	853.079855875956	836.0	17.0798558759557
153	803.569344769297	819.0	-15.4306552307035
154	849.29325291949	816.0	33.2932529194902
155	891.523152181858	851.0	40.5231521818581
156	874.815907998343	768.0	106.815907998343
157	784.601438472597	732.0	52.6014384725969
158	890.388775911797	791.0	99.3887759117966
159	840.585219384747	757.0	83.5852193847468
160	693.108488804854	702.0	-8.89151119514622
161	741.926579537031	642.0	99.9265795370311
162	583.313521471061	612.0	-28.6864785289393
163	564.52413553832	646.0	-81.4758644616799
164	478.108208479457	661.0	-182.891791520543
165	603.633620347616	745.0	-141.366379652384
166	575.73859245771	738.0	-162.26140754229
167	547.08300271976	726.0	-178.91699728024
168	742.258471686482	764.0	-21.7415283135183
169	765.25792872652	766.0	-0.742071273480292
170	706.708724136486	731.0	-24.2912758635143
171	620.803722843957	702.0	-81.1962771560434
172	767.830950844358	762.0	5.83095084435831
173	807.276129060673	775.0	32.2761290606726
174	710.688020915269	773.0	-62.3119790847313
175	796.428636220644	771.0	25.4286362206441
176	785.589682348389	777.0	8.58968234838926
177	766.218652837445	730.0	36.2186528374448
178	646.169482417914	682.0	-35.8305175820865
179	785.352982799216	775.0	10.352982799216
180	773.500319804493	780.0	-6.49968019550681
181	718.023500129422	794.0	-75.976499870578
182	815.290482485974	794.0	21.2904824859736
183	807.048248785606	776.0	31.0482487856063
184	758.735091118437	750.0	8.73509111843657
185	710.053241617686	730.0	-19.9467583823135
186	841.686696874572	803.0	38.6866968745716
187	829.349583721293	806.0	23.3495837212929
188	773.488948712222	831.0	-57.5110512877781
189	867.451582979064	816.0	51.4515829790636
190	877.296189088239	809.0	68.2961890882385
191	847.421085405555	769.0	78.421085405555
192	747.081222327883	731.0	16.0812223278833
193	869.494604452067	823.0	46.4946044520668
194	885.994786312483	827.0	58.994786312483
195	800.257903401868	822.0	-21.7420965981321
196	882.384088438321	810.0	72.384088438321
197	877.038034677652	802.0	75.0380346776516
198	835.508725762527	756.0	79.5087257625274
199	747.59231602947	729.0	18.5923160294705
200	864.400226965708	800.0	64.4002269657078
201	831.104776925314	797.0	34.1047769253138
202	762.074374119703	783.0	-20.9256258802968
203	831.20745886112	768.0	63.2074588611199
204	805.500957724744	782.0	23.5009577247438
205	792.741089161595	723.0	69.7410891615948
206	660.80166258333	687.0	-26.1983374166703
207	780.257847872558	747.0	33.2578478725582
208	739.761995391192	770.0	-30.2380046088075
209	691.676932737688	782.0	-90.3230672623121
210	804.769019359813	791.0	13.7690193598131
211	775.827957280462	763.0	12.8279572804623
212	746.09532587029	746.0	0.095325870289571
213	666.160598162156	688.0	-21.8394018378438
214	807.977832489485	760.0	47.9778324894846
215	770.882779781151	752.0	18.8827797811506
216	709.125573709225	755.0	-45.8744262907752
217	745.109114407289	758.0	-12.8908855927109
218	779.661412496856	749.0	30.6614124968562
219	696.131858653182	728.0	-31.8681413468178
220	635.694070953174	668.0	-32.305929046826
221	736.661807397213	764.0	-27.338192602787
222	746.677411245169	721.0	25.6774112451685
223	655.085080397999	730.0	-74.9149196020012
224	719.247866944595	765.0	-45.7521330554055
225	769.947893327575	731.0	38.9478933275748
226	653.984455681289	716.0	-62.0155443187108
227	628.149483938725	656.0	-27.8505160612752
228	687.867745852672	775.0	-87.1322541473279
229	745.24506460429	759.0	-13.7549353957097
230	709.650842972365	784.0	-74.3491570276349
231	749.527023903469	758.0	-8.47297609653106
232	787.344834801312	762.0	25.3448348013115
233	713.710207251529	753.0	-39.289792748471
234	716.54923811839	692.0	24.5492381183901
235	763.369685447078	785.0	-21.6303145529217
236	804.796075779215	774.0	30.7960757792155
237	705.123508879578	756.0	-50.8764911204219
238	783.116963195637	762.0	21.1169631956375
239	809.167347085266	762.0	47.1673470852655
240	720.632886663289	737.0	-16.3671133367113
241	670.037001955113	707.0	-36.9629980448866
242	781.661907050688	758.0	23.6619070506883
243	738.689558251883	772.0	-33.3104417481165
244	721.195909265324	767.0	-45.8040907346756
245	790.027659071351	767.0	23.0276590713507
246	787.500175700405	740.0	47.5001757004052
247	726.73764671283	737.0	-10.2623532871697
248	635.703689141203	676.0	-40.2963108587975
249	769.616466746442	735.0	34.616466746442
250	713.675134115751	721.0	-7.32486588424899
251	668.683172231472	672.0	-3.31682776852756
252	609.927825856594	686.0	-76.0721741434061
253	593.69541646602	653.0	-59.3045835339801
254	480.98068277532	619.0	-138.01931722468
255	629.561700725254	703.0	-73.4382992747464
256	577.689671402009	701.0	-123.310328597991
257	553.493941533881	707.0	-153.506058466119
258	658.054178080327	711.0	-52.9458219196732
259	654.444439375658	694.0	-39.5555606243416
260	603.703737403145	677.0	-73.2962625968553
261	540.451826841895	617.0	-76.5481731581048
262	636.939852805219	736.0	-99.0601471947806
263	664.213446247168	721.0	-56.7865537528324
264	602.752941783907	724.0	-121.247058216093
265	662.43547781397	712.0	-49.5645221860304
266	695.374451319677	739.0	-43.625548680323
267	642.73062295275	708.0	-65.2693770472505
268	620.042374423333	686.0	-65.9576255766673
269	713.016790914215	773.0	-59.9832090857846
270	739.714850919201	787.0	-47.2851490807986
271	694.361010861633	792.0	-97.6389891383667
272	825.075291149035	749.0	76.0752911490349
273	773.808394961449	758.0	15.8083949614487
274	759.334990467413	729.0	30.334990467413
275	623.155530292373	644.0	-20.844469707627
276	737.249235162028	734.0	3.24923516202784
277	725.716018290222	782.0	-56.2839817097777
278	666.941540816101	763.0	-96.0584591838993
279	756.370171748036	778.0	-21.6298282519643
280	778.520078129515	751.0	27.520078129515
281	687.319127255728	727.0	-39.6808727442723
282	656.533440381989	664.0	-7.46655961801082
283	793.181577775364	791.0	2.18157777536419
284	758.100759552658	772.0	-13.8992404473418
285	719.408260178142	769.0	-49.5917398218585
286	754.260014335691	753.0	1.26001433569138
287	786.625828689983	787.0	-0.374171310017459
288	740.108143829594	746.0	-5.8918561704055
289	714.539709282658	681.0	33.5397092826576
290	753.65926743285	772.0	-18.3407325671499
291	776.430291903781	786.0	-9.56970809621862
292	717.948164502754	801.0	-83.051835497246
293	846.871648162238	776.0	70.8716481622378
294	797.80926228619	776.0	21.8092622861899
295	746.87160707231	765.0	-18.1283929276898
296	722.126113787653	726.0	-3.87388621234743
297	839.636984885424	794.0	45.6369848854238
298	824.141446113261	775.0	49.1414461132606
299	726.119029725051	786.0	-59.880970274949
300	831.180604154262	796.0	35.1806041542625
301	853.81501550249	800.0	53.8150155024902
302	793.219109592985	766.0	27.219109592985
303	707.861166044313	711.0	-3.13883395568689
304	811.743244233386	799.0	12.7432442333858
305	835.136007439395	829.0	6.13600743939458
306	808.754128620267	830.0	-21.2458713797334
307	881.85207957641	825.0	56.8520795764105
308	883.867521286476	832.0	51.8675212864756
309	850.846419097401	776.0	74.8464190974011
310	771.908855020226	752.0	19.9088550202258
311	925.744001977315	824.0	101.744001977315
312	884.420213495102	820.0	64.4202134951021
313	813.354245064314	839.0	-25.645754935686
314	923.794397166702	813.0	110.794397166702
315	871.093755931886	823.0	48.0937559318864
316	871.22960247272	805.0	66.2296024727202
317	790.556353894501	758.0	32.5563538945013
318	899.599792037495	798.0	101.599792037495
319	877.464438141913	800.0	77.4644381419125
320	786.970094115385	816.0	-29.0299058846147
321	898.933199174634	799.0	99.9331991746337
322	871.970669030688	780.0	91.9706690306876
323	792.841572946669	782.0	10.8415729466687
324	716.34394844144	726.0	-9.65605155855974
325	848.207008427629	789.0	59.207008427629
326	830.297954637531	786.0	44.2979546375307
327	754.758408024164	801.0	-46.2415919758357
328	784.88400155681	770.0	14.8840015568103
329	796.153147427505	724.0	72.1531474275052
330	663.540031169726	707.0	-43.4599688302739
331	637.719154997196	711.0	-73.2808450028036
332	788.047012391423	743.0	45.0470123914226
333	732.655982595414	745.0	-12.3440174045858
334	647.676625637789	753.0	-105.323374362211
335	726.138211770878	733.0	-6.86178822912223
